29 65 25 41
71 327 21 39
371 407 19 33
16 408 33 60
18 412 52 76
17 149 75 93
30 412 84 110
19 133 111 125
143 411 103 123
19 217 125 143
249 413 117 137
20 67 142 159
106 408 134 158
21 43 163 175
53 217 157 175
18 156 185 212
32 416 206 230
70 416 224 248
23 415 242 263
21 250 260 284
263 415 257 277
22 418 272 298
34 141 297 315
34 400 308 332
25 267 329 347
273 413 325 343
309 417 341 357
24 283 345 365
23 420 358 383
24 288 376 400
22 212 408 437
36 420 430 454
26 420 445 472
394 416 466 474
27 393 465 485
371 419 481 495
26 372 478 504
41 343 499 519
383 419 497 511
50 422 510 536
28 236 530 554
242 422 527 551
29 157 553 569
171 281 549 567
311 421 549 565
28 275 567 587
